6.010637283325195312e-01
6.010637283325195312e-01
6.010637283325195312e-01
6.010637283325195312e-01
6.010637283325195312e-01
6.010637283325195312e-01
6.010637283325195312e-01
6.010637283325195312e-01
6.010637283325195312e-01
6.010637283325195312e-01
6.010637283325195312e-01
6.010637283325195312e-01
6.010637283325195312e-01
6.010637283325195312e-01
6.010637283325195312e-01
6.010637283325195312e-01
6.440536379814147949e-01
6.440536379814147949e-01
6.440536379814147949e-01
6.440536379814147949e-01
6.440536379814147949e-01
6.440536379814147949e-01
6.440536379814147949e-01
6.440536379814147949e-01
6.440536379814147949e-01
6.440536379814147949e-01
6.440536379814147949e-01
6.440536379814147949e-01
6.440536379814147949e-01
6.440536379814147949e-01
6.440536379814147949e-01
6.440536379814147949e-01
6.832317113876342773e-01
6.832317113876342773e-01
6.832317113876342773e-01
6.832317113876342773e-01
6.832317113876342773e-01
6.832317113876342773e-01
6.832317113876342773e-01
6.832317113876342773e-01
6.832317113876342773e-01
6.832317113876342773e-01
6.832317113876342773e-01
6.832317113876342773e-01
6.832317113876342773e-01
6.832317113876342773e-01
6.832317113876342773e-01
6.832317113876342773e-01
7.008407115936279297e-01
7.008407115936279297e-01
7.008407115936279297e-01
7.008407115936279297e-01
7.008407115936279297e-01
7.008407115936279297e-01
7.008407115936279297e-01
7.008407115936279297e-01
7.008407115936279297e-01
7.008407115936279297e-01
7.008407115936279297e-01
7.008407115936279297e-01
7.008407115936279297e-01
7.008407115936279297e-01
7.008407115936279297e-01
7.008407115936279297e-01
7.071443200111389160e-01
7.071443200111389160e-01
7.071443200111389160e-01
7.071443200111389160e-01
7.071443200111389160e-01
7.071443200111389160e-01
7.071443200111389160e-01
7.071443200111389160e-01
7.071443200111389160e-01
7.071443200111389160e-01
7.071443200111389160e-01
7.071443200111389160e-01
7.071443200111389160e-01
7.071443200111389160e-01
7.071443200111389160e-01
7.071443200111389160e-01
7.239952683448791504e-01
7.239952683448791504e-01
7.239952683448791504e-01
7.239952683448791504e-01
7.239952683448791504e-01
7.239952683448791504e-01
7.239952683448791504e-01
7.239952683448791504e-01
7.239952683448791504e-01
7.239952683448791504e-01
7.239952683448791504e-01
7.239952683448791504e-01
7.239952683448791504e-01
7.239952683448791504e-01
7.239952683448791504e-01
7.239952683448791504e-01
7.359843254089355469e-01
7.359843254089355469e-01
7.359843254089355469e-01
7.359843254089355469e-01
7.359843254089355469e-01
7.359843254089355469e-01
7.359843254089355469e-01
7.359843254089355469e-01
7.359843254089355469e-01
7.359843254089355469e-01
7.359843254089355469e-01
7.359843254089355469e-01
7.359843254089355469e-01
7.359843254089355469e-01
7.359843254089355469e-01
7.359843254089355469e-01
7.391581535339355469e-01
7.391581535339355469e-01
7.391581535339355469e-01
7.391581535339355469e-01
7.391581535339355469e-01
7.391581535339355469e-01
7.391581535339355469e-01
7.391581535339355469e-01
7.391581535339355469e-01
7.391581535339355469e-01
7.391581535339355469e-01
7.391581535339355469e-01
7.391581535339355469e-01
7.391581535339355469e-01
7.391581535339355469e-01
7.391581535339355469e-01
7.427673935890197754e-01
7.427673935890197754e-01
7.427673935890197754e-01
7.427673935890197754e-01
7.427673935890197754e-01
7.427673935890197754e-01
7.427673935890197754e-01
7.427673935890197754e-01
7.427673935890197754e-01
7.427673935890197754e-01
7.427673935890197754e-01
7.427673935890197754e-01
7.427673935890197754e-01
7.427673935890197754e-01
7.427673935890197754e-01
7.427673935890197754e-01
7.369167208671569824e-01
7.369167208671569824e-01
7.369167208671569824e-01
7.369167208671569824e-01
7.369167208671569824e-01
7.369167208671569824e-01
7.369167208671569824e-01
7.369167208671569824e-01
7.369167208671569824e-01
7.369167208671569824e-01
7.369167208671569824e-01
7.369167208671569824e-01
7.369167208671569824e-01
7.369167208671569824e-01
7.369167208671569824e-01
7.369167208671569824e-01
7.327628731727600098e-01
7.327628731727600098e-01
7.327628731727600098e-01
7.327628731727600098e-01
7.327628731727600098e-01
7.327628731727600098e-01
7.327628731727600098e-01
7.327628731727600098e-01
7.327628731727600098e-01
7.327628731727600098e-01
7.327628731727600098e-01
7.327628731727600098e-01
7.327628731727600098e-01
7.327628731727600098e-01
7.327628731727600098e-01
7.327628731727600098e-01
7.378455996513366699e-01
7.378455996513366699e-01
7.378455996513366699e-01
7.378455996513366699e-01
7.378455996513366699e-01
7.378455996513366699e-01
7.378455996513366699e-01
7.378455996513366699e-01
7.378455996513366699e-01
7.378455996513366699e-01
7.378455996513366699e-01
7.378455996513366699e-01
7.378455996513366699e-01
7.378455996513366699e-01
7.378455996513366699e-01
7.378455996513366699e-01
7.424905896186828613e-01
7.424905896186828613e-01
7.424905896186828613e-01
7.424905896186828613e-01
7.424905896186828613e-01
7.424905896186828613e-01
7.424905896186828613e-01
7.424905896186828613e-01
7.424905896186828613e-01
7.424905896186828613e-01
7.424905896186828613e-01
7.424905896186828613e-01
7.424905896186828613e-01
7.424905896186828613e-01
7.424905896186828613e-01
7.424905896186828613e-01
7.538421154022216797e-01
7.538421154022216797e-01
7.538421154022216797e-01
7.538421154022216797e-01
7.538421154022216797e-01
7.538421154022216797e-01
7.538421154022216797e-01
7.538421154022216797e-01
7.538421154022216797e-01
7.538421154022216797e-01
7.538421154022216797e-01
7.538421154022216797e-01
7.538421154022216797e-01
7.538421154022216797e-01
7.538421154022216797e-01
7.538421154022216797e-01
7.711799144744873047e-01
7.711799144744873047e-01
7.711799144744873047e-01
7.711799144744873047e-01
7.711799144744873047e-01
7.711799144744873047e-01
7.711799144744873047e-01
7.711799144744873047e-01
7.711799144744873047e-01
7.711799144744873047e-01
7.711799144744873047e-01
7.711799144744873047e-01
7.711799144744873047e-01
7.711799144744873047e-01
7.711799144744873047e-01
7.711799144744873047e-01
7.916381359100341797e-01
7.916381359100341797e-01
7.916381359100341797e-01
7.916381359100341797e-01
7.916381359100341797e-01
7.916381359100341797e-01
7.916381359100341797e-01
7.916381359100341797e-01
7.916381359100341797e-01
7.916381359100341797e-01
7.916381359100341797e-01
7.916381359100341797e-01
7.916381359100341797e-01
7.916381359100341797e-01
7.916381359100341797e-01
7.916381359100341797e-01
8.124473094940185547e-01
8.124473094940185547e-01
8.124473094940185547e-01
8.124473094940185547e-01
8.124473094940185547e-01
8.124473094940185547e-01
8.124473094940185547e-01
8.124473094940185547e-01
8.124473094940185547e-01
8.124473094940185547e-01
8.124473094940185547e-01
8.124473094940185547e-01
8.124473094940185547e-01
8.124473094940185547e-01
8.124473094940185547e-01
8.124473094940185547e-01
8.317397236824035645e-01
8.317397236824035645e-01
8.317397236824035645e-01
8.317397236824035645e-01
8.317397236824035645e-01
8.317397236824035645e-01
8.317397236824035645e-01
8.317397236824035645e-01
8.317397236824035645e-01
8.317397236824035645e-01
8.317397236824035645e-01
8.317397236824035645e-01
8.317397236824035645e-01
8.317397236824035645e-01
8.317397236824035645e-01
8.317397236824035645e-01
8.464785814285278320e-01
8.464785814285278320e-01
8.464785814285278320e-01
8.464785814285278320e-01
8.464785814285278320e-01
8.464785814285278320e-01
8.464785814285278320e-01
8.464785814285278320e-01
8.464785814285278320e-01
8.464785814285278320e-01
8.464785814285278320e-01
8.464785814285278320e-01
8.464785814285278320e-01
8.464785814285278320e-01
8.464785814285278320e-01
8.464785814285278320e-01
8.602198958396911621e-01
8.602198958396911621e-01
8.602198958396911621e-01
8.602198958396911621e-01
8.602198958396911621e-01
8.602198958396911621e-01
8.602198958396911621e-01
8.602198958396911621e-01
8.602198958396911621e-01
8.602198958396911621e-01
8.602198958396911621e-01
8.602198958396911621e-01
8.602198958396911621e-01
8.602198958396911621e-01
8.602198958396911621e-01
8.602198958396911621e-01
8.711097836494445801e-01
8.711097836494445801e-01
8.711097836494445801e-01
8.711097836494445801e-01
8.711097836494445801e-01
8.711097836494445801e-01
8.711097836494445801e-01
8.711097836494445801e-01
8.711097836494445801e-01
8.711097836494445801e-01
8.711097836494445801e-01
8.711097836494445801e-01
8.711097836494445801e-01
8.711097836494445801e-01
8.711097836494445801e-01
8.711097836494445801e-01
8.796817064285278320e-01
8.796817064285278320e-01
8.796817064285278320e-01
8.796817064285278320e-01
8.796817064285278320e-01
8.796817064285278320e-01
8.796817064285278320e-01
8.796817064285278320e-01
8.796817064285278320e-01
8.796817064285278320e-01
8.796817064285278320e-01
8.796817064285278320e-01
8.796817064285278320e-01
8.796817064285278320e-01
8.796817064285278320e-01
8.796817064285278320e-01
8.879763484001159668e-01
8.879763484001159668e-01
8.879763484001159668e-01
8.879763484001159668e-01
8.879763484001159668e-01
8.879763484001159668e-01
8.879763484001159668e-01
8.879763484001159668e-01
8.879763484001159668e-01
8.879763484001159668e-01
8.879763484001159668e-01
8.879763484001159668e-01
8.879763484001159668e-01
8.879763484001159668e-01
8.879763484001159668e-01
8.879763484001159668e-01
8.948469758033752441e-01
8.948469758033752441e-01
8.948469758033752441e-01
8.948469758033752441e-01
8.948469758033752441e-01
8.948469758033752441e-01
8.948469758033752441e-01
8.948469758033752441e-01
8.948469758033752441e-01
8.948469758033752441e-01
8.948469758033752441e-01
8.948469758033752441e-01
8.948469758033752441e-01
8.948469758033752441e-01
8.948469758033752441e-01
8.948469758033752441e-01
8.995848298072814941e-01
8.995848298072814941e-01
8.995848298072814941e-01
8.995848298072814941e-01
8.995848298072814941e-01
8.995848298072814941e-01
8.995848298072814941e-01
8.995848298072814941e-01
8.995848298072814941e-01
8.995848298072814941e-01
8.995848298072814941e-01
8.995848298072814941e-01
8.995848298072814941e-01
8.995848298072814941e-01
8.995848298072814941e-01
8.995848298072814941e-01
9.062623381614685059e-01
9.062623381614685059e-01
9.062623381614685059e-01
9.062623381614685059e-01
9.062623381614685059e-01
9.062623381614685059e-01
9.062623381614685059e-01
9.062623381614685059e-01
9.062623381614685059e-01
9.062623381614685059e-01
9.062623381614685059e-01
9.062623381614685059e-01
9.062623381614685059e-01
9.062623381614685059e-01
9.062623381614685059e-01
9.062623381614685059e-01
9.124087095260620117e-01
9.124087095260620117e-01
9.124087095260620117e-01
9.124087095260620117e-01
9.124087095260620117e-01
9.124087095260620117e-01
9.124087095260620117e-01
9.124087095260620117e-01
9.124087095260620117e-01
9.124087095260620117e-01
9.124087095260620117e-01
9.124087095260620117e-01
9.124087095260620117e-01
9.124087095260620117e-01
9.124087095260620117e-01
9.124087095260620117e-01
9.192924499511718750e-01
9.192924499511718750e-01
9.192924499511718750e-01
9.192924499511718750e-01
9.192924499511718750e-01
9.192924499511718750e-01
9.192924499511718750e-01
9.192924499511718750e-01
9.192924499511718750e-01
9.192924499511718750e-01
9.192924499511718750e-01
9.192924499511718750e-01
9.192924499511718750e-01
9.192924499511718750e-01
9.192924499511718750e-01
9.192924499511718750e-01
9.274355173110961914e-01
9.274355173110961914e-01
9.274355173110961914e-01
9.274355173110961914e-01
9.274355173110961914e-01
9.274355173110961914e-01
9.274355173110961914e-01
9.274355173110961914e-01
9.274355173110961914e-01
9.274355173110961914e-01
9.274355173110961914e-01
9.274355173110961914e-01
9.274355173110961914e-01
9.274355173110961914e-01
9.274355173110961914e-01
9.274355173110961914e-01
9.338501691818237305e-01
9.338501691818237305e-01
9.338501691818237305e-01
9.338501691818237305e-01
9.338501691818237305e-01
9.338501691818237305e-01
9.338501691818237305e-01
9.338501691818237305e-01
9.338501691818237305e-01
9.338501691818237305e-01
9.338501691818237305e-01
9.338501691818237305e-01
9.338501691818237305e-01
9.338501691818237305e-01
9.338501691818237305e-01
9.338501691818237305e-01
9.431679248809814453e-01
9.431679248809814453e-01
9.431679248809814453e-01
9.431679248809814453e-01
9.431679248809814453e-01
9.431679248809814453e-01
9.431679248809814453e-01
9.431679248809814453e-01
9.431679248809814453e-01
9.431679248809814453e-01
9.431679248809814453e-01
9.431679248809814453e-01
9.431679248809814453e-01
9.431679248809814453e-01
9.431679248809814453e-01
9.431679248809814453e-01
9.485317468643188477e-01
9.485317468643188477e-01
9.485317468643188477e-01
9.485317468643188477e-01
9.485317468643188477e-01
9.485317468643188477e-01
9.485317468643188477e-01
9.485317468643188477e-01
9.485317468643188477e-01
9.485317468643188477e-01
9.485317468643188477e-01
9.485317468643188477e-01
9.485317468643188477e-01
9.485317468643188477e-01
9.485317468643188477e-01
9.485317468643188477e-01
9.495183229446411133e-01
9.495183229446411133e-01
9.495183229446411133e-01
9.495183229446411133e-01
9.495183229446411133e-01
9.495183229446411133e-01
9.495183229446411133e-01
9.495183229446411133e-01
9.495183229446411133e-01
9.495183229446411133e-01
9.495183229446411133e-01
9.495183229446411133e-01
9.495183229446411133e-01
9.495183229446411133e-01
9.495183229446411133e-01
9.495183229446411133e-01
9.415694475173950195e-01
9.415694475173950195e-01
9.415694475173950195e-01
9.415694475173950195e-01
9.415694475173950195e-01
9.415694475173950195e-01
9.415694475173950195e-01
9.415694475173950195e-01
9.415694475173950195e-01
9.415694475173950195e-01
9.415694475173950195e-01
9.415694475173950195e-01
9.415694475173950195e-01
9.415694475173950195e-01
9.415694475173950195e-01
9.415694475173950195e-01
9.296391606330871582e-01
9.296391606330871582e-01
9.296391606330871582e-01
9.296391606330871582e-01
9.296391606330871582e-01
9.296391606330871582e-01
9.296391606330871582e-01
9.296391606330871582e-01
9.296391606330871582e-01
9.296391606330871582e-01
9.296391606330871582e-01
9.296391606330871582e-01
9.296391606330871582e-01
9.296391606330871582e-01
9.296391606330871582e-01
9.296391606330871582e-01
8.921703100204467773e-01
8.921703100204467773e-01
8.921703100204467773e-01
8.921703100204467773e-01
8.921703100204467773e-01
8.921703100204467773e-01
8.921703100204467773e-01
8.921703100204467773e-01
8.921703100204467773e-01
8.921703100204467773e-01
8.921703100204467773e-01
8.921703100204467773e-01
8.921703100204467773e-01
8.921703100204467773e-01
8.921703100204467773e-01
8.921703100204467773e-01
