-2.404254972934722900e-01
-2.404254972934722900e-01
-2.404254972934722900e-01
-2.404254972934722900e-01
-2.404254972934722900e-01
-2.404254972934722900e-01
-2.404254972934722900e-01
-2.404254972934722900e-01
-2.404254972934722900e-01
-2.404254972934722900e-01
-2.404254972934722900e-01
-2.404254972934722900e-01
-2.404254972934722900e-01
-2.404254972934722900e-01
-2.404254972934722900e-01
-2.404254972934722900e-01
-2.576214671134948730e-01
-2.576214671134948730e-01
-2.576214671134948730e-01
-2.576214671134948730e-01
-2.576214671134948730e-01
-2.576214671134948730e-01
-2.576214671134948730e-01
-2.576214671134948730e-01
-2.576214671134948730e-01
-2.576214671134948730e-01
-2.576214671134948730e-01
-2.576214671134948730e-01
-2.576214671134948730e-01
-2.576214671134948730e-01
-2.576214671134948730e-01
-2.576214671134948730e-01
-2.732926905155181885e-01
-2.732926905155181885e-01
-2.732926905155181885e-01
-2.732926905155181885e-01
-2.732926905155181885e-01
-2.732926905155181885e-01
-2.732926905155181885e-01
-2.732926905155181885e-01
6.589519977569580078e-01
6.589519977569580078e-01
6.589519977569580078e-01
6.589519977569580078e-01
6.589519977569580078e-01
6.589519977569580078e-01
6.589519977569580078e-01
6.589519977569580078e-01
6.589519977569580078e-01
6.589519977569580078e-01
6.589519977569580078e-01
6.589519977569580078e-01
6.589519977569580078e-01
6.589519977569580078e-01
6.589519977569580078e-01
6.589519977569580078e-01
6.797073483467102051e-01
6.797073483467102051e-01
6.797073483467102051e-01
6.797073483467102051e-01
6.797073483467102051e-01
6.797073483467102051e-01
6.797073483467102051e-01
6.797073483467102051e-01
6.797073483467102051e-01
6.797073483467102051e-01
6.797073483467102051e-01
6.797073483467102051e-01
6.797073483467102051e-01
6.797073483467102051e-01
6.797073483467102051e-01
6.797073483467102051e-01
6.797073483467102051e-01
6.797073483467102051e-01
6.797073483467102051e-01
6.797073483467102051e-01
6.797073483467102051e-01
6.797073483467102051e-01
6.797073483467102051e-01
6.797073483467102051e-01
6.797073483467102051e-01
6.797073483467102051e-01
6.797073483467102051e-01
6.797073483467102051e-01
6.797073483467102051e-01
6.797073483467102051e-01
6.797073483467102051e-01
6.797073483467102051e-01
7.590229511260986328e-01
7.590229511260986328e-01
7.590229511260986328e-01
7.590229511260986328e-01
7.590229511260986328e-01
7.590229511260986328e-01
7.590229511260986328e-01
7.590229511260986328e-01
7.590229511260986328e-01
7.590229511260986328e-01
7.590229511260986328e-01
7.590229511260986328e-01
7.590229511260986328e-01
7.590229511260986328e-01
7.590229511260986328e-01
7.590229511260986328e-01
7.590229511260986328e-01
7.590229511260986328e-01
7.590229511260986328e-01
7.590229511260986328e-01
7.590229511260986328e-01
7.590229511260986328e-01
7.590229511260986328e-01
7.590229511260986328e-01
7.590229511260986328e-01
7.590229511260986328e-01
7.590229511260986328e-01
7.590229511260986328e-01
7.590229511260986328e-01
7.590229511260986328e-01
7.590229511260986328e-01
7.590229511260986328e-01
7.285495400428771973e-01
7.285495400428771973e-01
7.285495400428771973e-01
7.285495400428771973e-01
7.285495400428771973e-01
7.285495400428771973e-01
7.285495400428771973e-01
7.285495400428771973e-01
7.285495400428771973e-01
7.285495400428771973e-01
7.285495400428771973e-01
7.285495400428771973e-01
7.285495400428771973e-01
7.285495400428771973e-01
7.285495400428771973e-01
7.285495400428771973e-01
7.285495400428771973e-01
7.285495400428771973e-01
7.285495400428771973e-01
7.285495400428771973e-01
7.285495400428771973e-01
7.285495400428771973e-01
7.285495400428771973e-01
7.285495400428771973e-01
7.285495400428771973e-01
7.285495400428771973e-01
7.285495400428771973e-01
7.285495400428771973e-01
7.285495400428771973e-01
7.285495400428771973e-01
7.285495400428771973e-01
7.285495400428771973e-01
6.829739212989807129e-01
6.829739212989807129e-01
6.829739212989807129e-01
6.829739212989807129e-01
6.829739212989807129e-01
6.829739212989807129e-01
6.829739212989807129e-01
6.829739212989807129e-01
6.829739212989807129e-01
6.829739212989807129e-01
6.829739212989807129e-01
6.829739212989807129e-01
6.829739212989807129e-01
6.829739212989807129e-01
6.829739212989807129e-01
6.829739212989807129e-01
-2.931051552295684814e-01
-2.931051552295684814e-01
-2.931051552295684814e-01
-2.931051552295684814e-01
-2.931051552295684814e-01
-2.931051552295684814e-01
-2.931051552295684814e-01
-2.931051552295684814e-01
-2.951382398605346680e-01
-2.951382398605346680e-01
-2.951382398605346680e-01
-2.951382398605346680e-01
-2.951382398605346680e-01
-2.951382398605346680e-01
-2.951382398605346680e-01
-2.951382398605346680e-01
-2.951382398605346680e-01
-2.951382398605346680e-01
-2.951382398605346680e-01
-2.951382398605346680e-01
-2.951382398605346680e-01
-2.951382398605346680e-01
-2.951382398605346680e-01
-2.951382398605346680e-01
-2.969962358474731445e-01
-2.969962358474731445e-01
-2.969962358474731445e-01
-2.969962358474731445e-01
-2.969962358474731445e-01
-2.969962358474731445e-01
-2.969962358474731445e-01
-2.969962358474731445e-01
-2.969962358474731445e-01
-2.969962358474731445e-01
-2.969962358474731445e-01
-2.969962358474731445e-01
-2.969962358474731445e-01
-2.969962358474731445e-01
-2.969962358474731445e-01
-2.969962358474731445e-01
-3.015368580818176270e-01
-3.015368580818176270e-01
-3.015368580818176270e-01
-3.015368580818176270e-01
-3.015368580818176270e-01
-3.015368580818176270e-01
-3.015368580818176270e-01
-3.015368580818176270e-01
-3.015368580818176270e-01
-3.015368580818176270e-01
-3.015368580818176270e-01
-3.015368580818176270e-01
-3.015368580818176270e-01
-3.015368580818176270e-01
-3.015368580818176270e-01
-3.015368580818176270e-01
-3.084719777107238770e-01
-3.084719777107238770e-01
-3.084719777107238770e-01
-3.084719777107238770e-01
-3.084719777107238770e-01
-3.084719777107238770e-01
-3.084719777107238770e-01
-3.084719777107238770e-01
-3.084719777107238770e-01
-3.084719777107238770e-01
-3.084719777107238770e-01
-3.084719777107238770e-01
-3.084719777107238770e-01
-3.084719777107238770e-01
-3.084719777107238770e-01
-3.084719777107238770e-01
-3.166552484035491943e-01
-3.166552484035491943e-01
-3.166552484035491943e-01
-3.166552484035491943e-01
-3.166552484035491943e-01
-3.166552484035491943e-01
-3.166552484035491943e-01
-3.166552484035491943e-01
-3.166552484035491943e-01
-3.166552484035491943e-01
-3.166552484035491943e-01
-3.166552484035491943e-01
-3.166552484035491943e-01
-3.166552484035491943e-01
-3.166552484035491943e-01
-3.166552484035491943e-01
-3.249789178371429443e-01
-3.249789178371429443e-01
-3.249789178371429443e-01
-3.249789178371429443e-01
-3.249789178371429443e-01
-3.249789178371429443e-01
-3.249789178371429443e-01
-3.249789178371429443e-01
-3.249789178371429443e-01
-3.249789178371429443e-01
-3.249789178371429443e-01
-3.249789178371429443e-01
-3.249789178371429443e-01
-3.249789178371429443e-01
-3.249789178371429443e-01
-3.249789178371429443e-01
-3.326959013938903809e-01
-3.326959013938903809e-01
-3.326959013938903809e-01
-3.326959013938903809e-01
-3.326959013938903809e-01
-3.326959013938903809e-01
-3.326959013938903809e-01
-3.326959013938903809e-01
-3.326959013938903809e-01
-3.326959013938903809e-01
-3.326959013938903809e-01
-3.326959013938903809e-01
-3.326959013938903809e-01
-3.326959013938903809e-01
-3.326959013938903809e-01
-3.326959013938903809e-01
-3.385914266109466553e-01
-3.385914266109466553e-01
-3.385914266109466553e-01
-3.385914266109466553e-01
-3.385914266109466553e-01
-3.385914266109466553e-01
-3.385914266109466553e-01
-3.385914266109466553e-01
-3.385914266109466553e-01
-3.385914266109466553e-01
-3.385914266109466553e-01
-3.385914266109466553e-01
-3.385914266109466553e-01
-3.385914266109466553e-01
-3.385914266109466553e-01
-3.385914266109466553e-01
-3.440879583358764648e-01
-3.440879583358764648e-01
-3.440879583358764648e-01
-3.440879583358764648e-01
-3.440879583358764648e-01
-3.440879583358764648e-01
-3.440879583358764648e-01
-3.440879583358764648e-01
-3.440879583358764648e-01
-3.440879583358764648e-01
-3.440879583358764648e-01
-3.440879583358764648e-01
-3.440879583358764648e-01
-3.440879583358764648e-01
-3.440879583358764648e-01
-3.440879583358764648e-01
-3.484439253807067871e-01
-3.484439253807067871e-01
-3.484439253807067871e-01
-3.484439253807067871e-01
-3.484439253807067871e-01
-3.484439253807067871e-01
-3.484439253807067871e-01
-3.484439253807067871e-01
-3.484439253807067871e-01
-3.484439253807067871e-01
-3.484439253807067871e-01
-3.484439253807067871e-01
-3.484439253807067871e-01
-3.484439253807067871e-01
-3.484439253807067871e-01
-3.484439253807067871e-01
-3.518726825714111328e-01
-3.518726825714111328e-01
-3.518726825714111328e-01
-3.518726825714111328e-01
-3.518726825714111328e-01
-3.518726825714111328e-01
-3.518726825714111328e-01
-3.518726825714111328e-01
-3.518726825714111328e-01
-3.518726825714111328e-01
-3.518726825714111328e-01
-3.518726825714111328e-01
-3.518726825714111328e-01
-3.518726825714111328e-01
-3.518726825714111328e-01
-3.518726825714111328e-01
-3.551905453205108643e-01
-3.551905453205108643e-01
-3.551905453205108643e-01
-3.551905453205108643e-01
-3.551905453205108643e-01
-3.551905453205108643e-01
-3.551905453205108643e-01
-3.551905453205108643e-01
-3.551905453205108643e-01
-3.551905453205108643e-01
-3.551905453205108643e-01
-3.551905453205108643e-01
-3.551905453205108643e-01
-3.551905453205108643e-01
-3.551905453205108643e-01
-3.551905453205108643e-01
-3.579387962818145752e-01
-3.579387962818145752e-01
-3.579387962818145752e-01
-3.579387962818145752e-01
-3.579387962818145752e-01
-3.579387962818145752e-01
-3.579387962818145752e-01
-3.579387962818145752e-01
-3.579387962818145752e-01
-3.579387962818145752e-01
-3.579387962818145752e-01
-3.579387962818145752e-01
-3.579387962818145752e-01
-3.579387962818145752e-01
-3.579387962818145752e-01
-3.579387962818145752e-01
-3.598339259624481201e-01
-3.598339259624481201e-01
-3.598339259624481201e-01
-3.598339259624481201e-01
-3.598339259624481201e-01
-3.598339259624481201e-01
-3.598339259624481201e-01
-3.598339259624481201e-01
-3.598339259624481201e-01
-3.598339259624481201e-01
-3.598339259624481201e-01
-3.598339259624481201e-01
-3.598339259624481201e-01
-3.598339259624481201e-01
-3.598339259624481201e-01
-3.598339259624481201e-01
-3.625049293041229248e-01
-3.625049293041229248e-01
-3.625049293041229248e-01
-3.625049293041229248e-01
-3.625049293041229248e-01
-3.625049293041229248e-01
-3.625049293041229248e-01
-3.625049293041229248e-01
-3.625049293041229248e-01
-3.625049293041229248e-01
-3.625049293041229248e-01
-3.625049293041229248e-01
-3.625049293041229248e-01
-3.625049293041229248e-01
-3.625049293041229248e-01
-3.625049293041229248e-01
-3.649635016918182373e-01
-3.649635016918182373e-01
-3.649635016918182373e-01
-3.649635016918182373e-01
-3.649635016918182373e-01
-3.649635016918182373e-01
-3.649635016918182373e-01
-3.649635016918182373e-01
-3.649635016918182373e-01
-3.649635016918182373e-01
-3.649635016918182373e-01
-3.649635016918182373e-01
-3.649635016918182373e-01
-3.649635016918182373e-01
-3.649635016918182373e-01
-3.649635016918182373e-01
-3.677169978618621826e-01
-3.677169978618621826e-01
-3.677169978618621826e-01
-3.677169978618621826e-01
-3.677169978618621826e-01
-3.677169978618621826e-01
-3.677169978618621826e-01
-3.677169978618621826e-01
-3.677169978618621826e-01
-3.677169978618621826e-01
-3.677169978618621826e-01
-3.677169978618621826e-01
-3.677169978618621826e-01
-3.677169978618621826e-01
-3.677169978618621826e-01
-3.677169978618621826e-01
-3.709742128849029541e-01
-3.709742128849029541e-01
-3.709742128849029541e-01
-3.709742128849029541e-01
-3.709742128849029541e-01
-3.709742128849029541e-01
-3.709742128849029541e-01
-3.709742128849029541e-01
-3.709742128849029541e-01
-3.709742128849029541e-01
-3.709742128849029541e-01
-3.709742128849029541e-01
-3.709742128849029541e-01
-3.709742128849029541e-01
-3.709742128849029541e-01
-3.709742128849029541e-01
-3.735400736331939697e-01
-3.735400736331939697e-01
-3.735400736331939697e-01
-3.735400736331939697e-01
-3.735400736331939697e-01
-3.735400736331939697e-01
-3.735400736331939697e-01
-3.735400736331939697e-01
-3.735400736331939697e-01
-3.735400736331939697e-01
-3.735400736331939697e-01
-3.735400736331939697e-01
-3.735400736331939697e-01
-3.735400736331939697e-01
-3.735400736331939697e-01
-3.735400736331939697e-01
-3.772671818733215332e-01
-3.772671818733215332e-01
-3.772671818733215332e-01
-3.772671818733215332e-01
-3.772671818733215332e-01
-3.772671818733215332e-01
-3.772671818733215332e-01
-3.772671818733215332e-01
-3.772671818733215332e-01
-3.772671818733215332e-01
-3.772671818733215332e-01
-3.772671818733215332e-01
-3.772671818733215332e-01
-3.772671818733215332e-01
-3.772671818733215332e-01
-3.772671818733215332e-01
-3.794127106666564941e-01
-3.794127106666564941e-01
-3.794127106666564941e-01
-3.794127106666564941e-01
-3.794127106666564941e-01
-3.794127106666564941e-01
-3.794127106666564941e-01
-3.794127106666564941e-01
-3.794127106666564941e-01
-3.794127106666564941e-01
-3.794127106666564941e-01
-3.794127106666564941e-01
-3.794127106666564941e-01
-3.794127106666564941e-01
-3.794127106666564941e-01
-3.794127106666564941e-01
-3.798073232173919678e-01
-3.798073232173919678e-01
-3.798073232173919678e-01
-3.798073232173919678e-01
-3.798073232173919678e-01
-3.798073232173919678e-01
-3.798073232173919678e-01
-3.798073232173919678e-01
-3.798073232173919678e-01
-3.798073232173919678e-01
-3.798073232173919678e-01
-3.798073232173919678e-01
-3.798073232173919678e-01
-3.798073232173919678e-01
-3.798073232173919678e-01
-3.798073232173919678e-01
-3.766277730464935303e-01
-3.766277730464935303e-01
-3.766277730464935303e-01
-3.766277730464935303e-01
-3.766277730464935303e-01
-3.766277730464935303e-01
-3.766277730464935303e-01
-3.766277730464935303e-01
-3.766277730464935303e-01
-3.766277730464935303e-01
-3.766277730464935303e-01
-3.766277730464935303e-01
-3.766277730464935303e-01
-3.766277730464935303e-01
-3.766277730464935303e-01
-3.766277730464935303e-01
-3.718556761741638184e-01
-3.718556761741638184e-01
-3.718556761741638184e-01
-3.718556761741638184e-01
-3.718556761741638184e-01
-3.718556761741638184e-01
-3.718556761741638184e-01
-3.718556761741638184e-01
-3.718556761741638184e-01
-3.718556761741638184e-01
-3.718556761741638184e-01
-3.718556761741638184e-01
-3.718556761741638184e-01
-3.718556761741638184e-01
-3.718556761741638184e-01
-3.718556761741638184e-01
-3.568681180477142334e-01
-3.568681180477142334e-01
-3.568681180477142334e-01
-3.568681180477142334e-01
-3.568681180477142334e-01
-3.568681180477142334e-01
-3.568681180477142334e-01
-3.568681180477142334e-01
-3.568681180477142334e-01
-3.568681180477142334e-01
-3.568681180477142334e-01
-3.568681180477142334e-01
-3.568681180477142334e-01
-3.568681180477142334e-01
-3.568681180477142334e-01
-3.568681180477142334e-01
